[2645, 2655, 2703, 2703, 2720, 2726, 2775, 2802, 2877, 2933, 3136, 3369, 4223, 4223, 4269, 4508, 4508, 4527, 4679, 5012]

100.0 % done
average fitness: 3747.35
[2800, 3295, 3378, 3410, 3476, 3477, 3481, 3489, 3562, 3598, 3613, 3673, 3764, 3785, 3788, 4281, 4284, 4341, 4600, 4852]
[78148, 70193, 47659, 92973, 49453, 81427, 23602, 97217, 91097, 73154, 93079, 523, 91395, 36655, 91009, 90189, 29053, 51804, 36655, 56636]

-------------Generation Report 11---------------
100.0 % done
average fitness: 4157.0
[3678, 3868, 3898, 3898, 3899, 3914, 4125, 4760, 4760, 4770]
[20601, 83494, 74715, 1205, 88728, 68446, 35789, 7841, 14383, 32093]

with 120 nodes
-------------Generation Report 11---------------
100.0 % done
average fitness: 4589.9
[4142, 4277, 4347, 4371, 4558, 4620, 4674, 4699, 5042, 5169]
[34871, 87929, 16341, 66115, 92230, 49493, 90734, 90354, 65681, 71097]


-------------Generation Report 11---------------
100.0 % done
average fitness: 3376.7
[2771, 2829, 2935, 2955, 3123, 3624, 3803, 3853, 3925, 3949]
[18310, 67159, 50672, 65847, 59171, 49797, 83009, 72382, 62112, 62633]

-------------Generation Report 11---------------
100.0 % done
average fitness: 2636.9
[2231, 2280, 2314, 2324, 2408, 2436, 2494, 3079, 3315, 3488]
[21818, 74470, 57758, 35404, 37434, 86